Vetor b

b(1)=0
b(2)=-2.74477
b(3)=0
b(4)=-44.4099
b(5)=0
b(6)=-582.422
b(7)=0
b(8)=-7359.21
b(9)=0
b(10)=-74681.9

Matriz A 
10       0        83.3333    0        1250        0           22321.4     0           434028            0 
0       83.3333    0        1250       0          22321.4     0          434028         0               8.87784e+06 
83.3333  0        1250       0         22321.4     0          434028       0            8.87784e+06      0 
0       1250       0       22321.4     0         434028         0           8.87784e+06    0             1.878e+08 
1250    0         22321.4   0          434028       0            8.87784e+06 0            1.878e+08       0 
0      22321.4     0       434028       0           8.87784e+06   0           1.878e+08     0             4.06901e+09 
22321.4 0         434028    0          8.87784e+06  0             1.878e+08    0           4.06901e+09     0 
0      434028      0       8.87784e+06  0          1.878e+08       0        4.06901e+09       0           8.97576e+10 
434028   0        8.87784e+06 0       1.878e+08      0         4.06901e+09    0            8.97576e+10        0 
0 8.87784e+06 0 1.878e+08 0 4.06901e+09 0 8.97576e+10 0 2.00774e+12 

COEFCIENTES
ao=0
a1=0.908316
a2=0
a3=-0.407452
a4=0
a5=0.0538003
a6=0
a7=-0.0028111
a8=0
a9=5.06965e-05
